For the file: dolphins.gml and the number of communities 2, the result is: 
Communities are: 
[1, 2, 1, 1, 1, 2, 2, 2, 1, 2, 1, 1, 1, 2, 1, 1, 1, 2, 1, 2, 1, 1, 2, 1, 1, 2, 2, 2, 1, 1, 1, 2, 2, 1, 1, 1, 1, 1, 1, 2, 1, 2, 1, 1, 1, 1, 1, 1, 2, 1, 1, 1, 1, 1, 2, 1, 2, 2, 1, 1, 2, 1]
{1: 41, 2: 21}

For the file: football.gml and the number of communities 12, the result is: 
Communities are: 
[1, 2, 3, 4, 1, 4, 3, 5, 5, 1, 4, 6, 7, 3, 7, 3, 1, 8, 7, 9, 8, 5, 5, 1, 6, 2, 7, 8, 6, 9, 9, 7, 3, 2, 7, 9, 7, 2, 7, 3, 4, 1, 7, 7, 10, 2, 11, 3, 10, 11, 6, 5, 4, 11, 7, 9, 8, 10, 12, 12, 3, 7, 8, 12, 3, 8, 10, 11, 5, 6, 8, 7, 4, 11, 4, 10, 8, 5, 5, 9, 9, 4, 4, 11, 4, 7, 10, 8, 11, 2, 6, 10, 10, 1, 9, 8, 8, 12, 4, 7, 3, 9, 4, 2, 1, 2, 3, 4, 5, 2, 11, 5, 10, 8, 11]
{1: 8, 2: 9, 3: 11, 4: 13, 5: 10, 6: 6, 7: 15, 8: 12, 9: 9, 10: 9, 11: 9, 12: 4}

For the file: map.gml and the number of communities 3, the result is: 
Communities are: 
[1, 1, 2, 2, 1, 1, 1, 2, 1, 1, 1, 1, 1, 3, 3, 3, 3, 1, 1, 1]
{1: 13, 2: 3, 3: 4}

